# name: debug
# type: sparse matrix
# nnz: 576
# rows: 24
# columns: 24

1 1 16484197.9
2 1 986143.386
3 1 721461.779
4 1 3607.06879
5 1 -102693.709
6 1 -246510.337
7 1 -145.948226
8 1 -44.1105681
9 1 -2.58059144
10 1 19.1033387
11 1 -17.9342145
12 1 39.1985889
13 1 -118.785578
14 1 -16.6523776
15 1 -4.32396815
16 1 -221.108113
17 1 8034.65407
18 1 -3089.62226
19 1 -148.629935
20 1 33.8459341
21 1 -0.50736669
22 1 -2.90310048
23 1 5.429162
24 1 -30.3753824
1 2 986143.386
2 2 21518038.4
3 2 -561536.813
4 2 142369.384
5 2 0.0135982195
6 2 -52104.432
7 2 -41.9333136
8 2 -214.660261
9 2 24.7334675
10 2 52.9125359
11 2 0.0998220451
12 2 43.619541
13 2 -12.0747215
14 2 -154.206513
15 2 -17.1189196
16 2 -9135.60555
17 2 -133.861648
18 2 -799.217117
19 2 41.3493191
20 2 -201.476256
21 2 19.2420683
22 2 -9.75008833
23 2 5.00671804
24 2 34.043417
1 3 721461.779
2 3 -561536.813
3 3 18161519
4 3 214085.516
5 3 3600.12818
6 3 -3607.08239
7 3 -1.02016317
8 3 21.7988063
9 3 -153.051667
10 3 -48.4969884
11 3 -15.0367586
12 3 -18.8716331
13 3 -7.47262194
14 3 -25.1685711
15 3 -115.824582
16 3 3159.48928
17 3 998.564672
18 3 -87.0290733
19 3 -14.4578549
20 3 4.07375874
21 3 -119.821818
22 3 10.6906183
23 3 -11.7453408
24 3 -3.78410106
1 4 3607.06879
2 4 142369.384
3 4 214085.516
4 4 5787620.23
5 4 2907.34624
6 4 5924.7499
7 4 20.7134346
8 4 59.2597118
9 4 -53.4643833
10 4 -61.7366527
11 4 -9.82516707
12 4 -37.3947131
13 4 -0.401806123
14 4 -5.79710208
15 4 -2.83212317
16 4 -17869.4923
17 4 -842.345606
18 4 -1341.46009
19 4 8.85756998
20 4 -15.9009155
21 4 12.1175165
22 4 -4.08131579
23 4 3.79048265
24 4 5.57455493
1 5 -102693.709
2 5 0.0135982195
3 5 3600.12818
4 5 2907.34624
5 5 5777803.43
6 5 -13446.994
7 5 -20.3093036
8 5 -0.0928935284
9 5 -16.5397824
10 5 -9.50691097
11 5 -19.3734928
12 5 12.4644253
13 5 2.79106045
14 5 0.0820470565
15 5 0.237027722
16 5 -268.871564
17 5 -14230.0427
18 5 5419.08116
19 5 8.70784923
20 5 -5.08821918
21 5 -10.9370619
22 5 3.19493018
23 5 -4.06954545
24 5 3.04766595
1 6 -246510.337
2 6 -52104.432
3 6 -3607.08239
4 6 5924.7499
5 6 -13446.994
6 6 5773772.21
7 6 43.0637893
8 6 48.9425419
9 6 -21.0003206
10 6 -37.6627029
11 6 12.3506375
12 6 -42.7783149
13 6 3.95612195
14 6 -0.333323759
15 6 0.366806874
16 6 -2023.14721
17 6 4869.99843
18 6 -2052.18464
19 6 -27.2773164
20 6 31.034492
21 6 -2.03309903
22 6 0.177521815
23 6 -1.19004229
24 6 -18.4165975
1 7 -145.948226
2 7 -41.9333136
3 7 -1.02016317
4 7 20.7134346
5 7 -20.3093036
6 7 43.0637893
7 7 14573125.6
8 7 273494.4
9 7 434872.111
10 7 -11888.972
11 7 -61470.4538
12 7 -240426.39
13 7 -197.200887
14 7 51.7601382
15 7 47.9893223
16 7 5.15931848
17 7 2.13402267
18 7 15.5423911
19 7 -65.0979914
20 7 -10.4748356
21 7 -3.33325117
22 7 -0.20410543
23 7 2.1628239
24 7 0.909456691
1 8 -44.1105681
2 8 -214.660261
3 8 21.7988063
4 8 59.2597118
5 8 -0.0928935284
6 8 48.9425419
7 8 273494.4
8 8 18627820.3
9 8 -365898.532
10 8 89617.5521
11 8 0.00710640372
12 8 24857.2309
13 8 57.6274065
14 8 -146.125819
15 8 -36.3921666
16 8 -6.69447839
17 8 -0.0492015466
18 8 -8.28570669
19 8 -6.10526509
20 8 -105.679663
21 8 -2.16870749
22 8 -3.27886581
23 8 -0.130439689
24 8 -1.89622563
1 9 -2.58059144
2 9 24.7334675
3 9 -153.051667
4 9 -53.4643833
5 9 -16.5397824
6 9 -21.0003206
7 9 434872.111
8 9 -365898.532
9 9 15792453
10 9 194463.53
11 9 -35285.9854
12 9 11888.9649
13 9 45.4683389
14 9 -39.0831072
15 9 -111.077997
16 9 -4.49098423
17 9 0.961390092
18 9 -5.24262122
19 9 -4.17573574
20 9 -5.91220978
21 9 -64.496785
22 9 -0.224592172
23 9 1.30669656
24 9 0.166455996
1 10 19.1033387
2 10 52.9125359
3 10 -48.4969884
4 10 -61.7366527
5 10 -9.50691097
6 10 -37.6627029
7 10 -11888.972
8 10 89617.5521
9 10 194463.53
10 10 5762493.12
11 10 4873.6174
12 10 10069.4072
13 10 5.33407381
14 10 -6.53561287
15 10 -4.48031404
16 10 -0.885335636
17 10 0.00316788906
18 10 -0.570991027
19 10 -0.166032976
20 10 -3.19545589
21 10 -0.142392786
22 10 -0.488818381
23 10 -0.0531529791
24 10 0.0125786309
1 11 -17.9342145
2 11 0.0998220451
3 11 -15.0367586
4 11 -9.82516707
5 11 -19.3734928
6 11 12.3506375
7 11 -61470.4538
8 11 0.00710640372
9 11 -35285.9854
10 11 4873.6174
11 11 5754835.7
12 11 -6608.57165
13 11 2.0246131
14 11 0.0476265407
15 11 0.923871416
16 11 0.0155022903
17 11 -0.458132029
18 11 0.0683884521
19 11 1.90585882
20 11 0.125740797
21 11 1.25161712
22 11 -0.0283428517
23 11 -0.488946061
24 11 0.0700903898
1 12 39.1985889
2 12 43.619541
3 12 -18.8716331
4 12 -37.3947131
5 12 12.4644253
6 12 -42.7783149
7 12 -240426.39
8 12 24857.2309
9 12 11888.9649
10 12 10069.4072
11 12 -6608.57165
12 12 5763439.67
13 12 15.8988743
14 12 -8.03451096
15 12 -5.24924637
16 12 -0.571361395
17 12 0.0510355599
18 12 -2.12909834
19 12 1.09182068
20 12 -1.90156377
21 12 0.198568223
22 12 0.0133015812
23 12 0.0384853913
24 12 -0.536498597
1 13 -118.785578
2 13 -12.0747215
3 13 -7.47262194
4 13 -0.401806123
5 13 2.79106045
6 13 3.95612195
7 13 -197.200887
8 13 57.6274065
9 13 45.4683389
10 13 5.33407381
11 13 2.0246131
12 13 15.8988743
13 13 14582678.1
14 13 465480.277
15 13 351936.431
16 13 -6212.44494
17 13 -80280.403
18 13 -260425.313
19 13 -99.2366623
20 13 -11.8987702
21 13 0.562020905
22 13 -0.116645674
23 13 5.46956827
24 13 0.252929571
1 14 -16.6523776
2 14 -154.206513
3 14 -25.1685711
4 14 -5.79710208
5 14 0.0820470565
6 14 -0.333323759
7 14 51.7601382
8 14 -146.125819
9 14 -39.0831072
10 14 -6.53561287
11 14 0.0476265407
12 14 -8.03451096
13 14 465480.277
14 14 18190686.8
15 14 -662719.824
16 14 116862.636
17 14 6.54932978
18 14 58213.0187
19 14 -8.79126997
20 14 -157.918729
21 14 8.67378596
22 14 -9.14822722
23 14 -0.0930128642
24 14 -3.45391765
1 15 -4.32396815
2 15 -17.1189196
3 15 -115.824582
4 15 -2.83212317
5 15 0.237027722
6 15 0.366806874
7 15 47.9893223
8 15 -36.3921666
9 15 -111.077997
10 15 -4.48031404
11 15 0.923871416
12 15 -5.24924637
13 15 351936.431
14 15 -662719.824
15 15 15491812.6
16 15 189519.667
17 15 -51992.5442
18 15 6209.01318
19 15 2.35813228
20 15 8.28713329
21 15 -87.026612
22 15 1.51344397
23 15 2.12819063
24 15 0.0696124742
1 16 -221.108113
2 16 -9135.60555
3 16 3159.48928
4 16 -17869.4923
5 16 -268.871564
6 16 -2023.14721
7 16 5.15931848
8 16 -6.69447839
9 16 -4.49098423
10 16 -0.885335636
11 16 0.0155022903
12 16 -0.571361395
13 16 -6212.44494
14 16 116862.636
15 16 189519.667
16 16 9778088.36
17 16 -1369472.93
18 16 894640.971
19 16 0.0026457683
20 16 -8.84149026
21 16 1.60146876
22 16 -1.76170264
23 16 -0.0642272325
24 16 -0.106715883
1 17 8034.65407
2 17 -133.861648
3 17 998.564672
4 17 -842.345606
5 17 -14230.0427
6 17 4869.99843
7 17 2.13402267
8 17 -0.0492015466
9 17 0.961390092
10 17 0.00316788906
11 17 -0.458132029
12 17 0.0510355599
13 17 -80280.403
14 17 6.54932978
15 17 -51992.5442
16 17 -1369472.93
17 17 -7980569.81
18 17 5147497.88
19 17 5.17973112
20 17 0.0914150699
21 17 2.10550207
22 17 -0.031594204
23 17 -1.25353804
24 17 0.130630789
1 18 -3089.62226
2 18 -799.217117
3 18 -87.0290733
4 18 -1341.46009
5 18 5419.08116
6 18 -2052.18464
7 18 15.5423911
8 18 -8.28570669
9 18 -5.24262122
10 18 -0.570991027
11 18 0.0683884521
12 18 -2.12909834
13 18 -260425.313
14 18 58213.0187
15 18 6209.01318
16 18 894640.971
17 18 5147497.88
18 18 5948665.33
19 18 0.335708988
20 18 -3.32776442
21 18 0.0385502343
22 18 -0.0743206886
23 18 0.1173226
24 18 -1.09208628
1 19 -148.629935
2 19 41.3493191
3 19 -14.4578549
4 19 8.85756998
5 19 8.70784923
6 19 -27.2773164
7 19 -65.0979914
8 19 -6.10526509
9 19 -4.17573574
10 19 -0.166032976
11 19 1.90585882
12 19 1.09182068
13 19 -99.2366623
14 19 -8.79126997
15 19 2.35813228
16 19 0.0026457683
17 19 5.17973112
18 19 0.335708988
19 19 13550898.4
20 19 1086392.73
21 19 628990.278
22 19 7830.75497
23 19 -82817.5818
24 19 -153537.442
1 20 33.8459341
2 20 -201.476256
3 20 4.07375874
4 20 -15.9009155
5 20 -5.08821918
6 20 31.034492
7 20 -10.4748356
8 20 -105.679663
9 20 -5.91220978
10 20 -3.19545589
11 20 0.125740797
12 20 -1.90156377
13 20 -11.8987702
